INDEX OF PERSONS.

11551151111555515. 1270), 24, 272,
299, 39111, 408, 40811, 4415, 44511,
450, 45811.

- (15111111. 55 (5. 1270), 25, 28,
295, 38311, 407, 44111.

- (1511115. fil. (15115, 407, 71711.

- - fil. 77111 55 (5. 13033),
225, 433.

- lvo, Hivo, 51 1151151551 55,
194, 20911

—- 1511. 55, 39511.

- - - 441, 44111, 444.

-- - - 454, 45511.

- 1111155515, 55151 Alani 55, 24.

- 11511 55, xxxix, lviii, lix, lx,
lxv, 184, 194, 195, 20911, 364,
36411, 45711.

- 1151). 55(1311),23,225, 365, 525.

»- - 1153. (15, 408.

- Will. 55 (1113), 25 5, 209.

- - - (1222-1244), 2511,
131, 132, 135, 144, 145, 189,
20911, 294, 295, 456, 474, 495,
511, 71711.

- - -· (12801300), 1911,
272, 301, 408, 420, 431, 432.

- -- — Will. fil. Will. (15
(lau-1320), 22, 23, 24, 28, 20911,
38311, 391, 39111, 392, 39211, 393,
40811, 431, 432, 438.

-- Η535Β111555,192. ·

711515, (15513, 335, 336.

1155511551, 1115551155, 1115. 55, 39,170. .
Ι 439, 441.

1 -1155, 5512511.

1 - 1115515115 55 (51 11155511 (15
ξ 731153 [5155 851555531138133,
' 134, 135, 13511, 135146, 14611,

11155. 1151511511, 551.
71155113, 1155513111. 55, 5511.

Faber, Adam, 291.

- 11551555, 39511.

- 1715551555, 186.

——— 115315515, 649.

- 1115515115, 6.

-- 1153, 5517351515, 143, 175.
—- 11511115, 557711115ογ, 436.
- Will., 16, 22, 444.

- 1711111151, 5, 9411.

7535111115, 77511. 51, 208.

151 ’

75155113, 7555553, Petrus 55, 17, 28
(85555557.) 225, 431, 435.
751515, Adam 5115155, 57.
75155551155 (55 7551155553), 11515,
7511151115 115315, 1751555555, 195.

7553515115, 11511. 55 (1155151 11551115 ’

75111515), 312.
7515515, 155115, 6.
- 77511, 5.
7511555, 11511, 124
7555555555, 11555, 733.

, -555, 155.
’ 7511555, 1511, 723, 727.

7511115, Will. 551, 603 n.
7511551511, 618.

75515155515, 77111, 392.

- - Christiana uxor, 392.
755155, 7551555, 71111 55, 475.
- 11515, 705 n.

-ψ Will., 70511.

3 1555311111. 1515555, 310.
= 7511153155, 5155551111, 182, 18211,

183, 457 n.

- 5511155, mater 14155155, 18211,
18311.

—- Η551. 55, 68511.

-— 1155. 55, 18311, 18411.

7511515, 77111 55, 686 n.

751115, Finis, 7115, 402 n.

7553515, wilk 55, 296, 29511.

71511535 71311535, 7111535, 731153,
73511535, 73551153, (15111111. 55,

20311, 294, 29411, 297, 301, 437,
438, 43911, 444, 445, 446, 451,
45111, 400, 511.
—- Ric’ de, 144, 189, 715, 716.
- 1115115155 55 (51 115 8551550513),
21, 68, 7411, 108, 203, 299, 439 n.
71511535, 1115115155 55, 61 11155151 55,

2 301, 301 n, 43911.

 

