INDEX OF PLAOES.

81111111, 1181.

81131113231.

Shonerhowes, Shunnerhoweu, Est,
3381, 339.

·— West, 3381, 339, 339 n.

8111111113693.

8111111, 8111111, 3, 118, 218, 376,
445, 447, 570, 579, 748, 749.

-8111, 4491.

-811111, 748.

-111, 449.

811111, 8111111, 8111111111, 8111111111,
Sylhowe, 811111181111111, 34,
341, 149, 149 n, 153, 153 n, 156,
158, 313, 3381, 339, 339 n, 363.

Simundekeldeholm, 371.

Simundholm, 99.

8111111111, 680.

8111113111, 180, 1801.

811111, 81111, 338, 338 n.

· 81111111, 811111, 8111111, 81111111, 220,
221, 470, 760, 761.

8111113111, 71111111 voc, 733.

8111111, 1771, 5011, 718 n.

811111131111, 811111131111, 680,
681.

811111116111, 8111111161111, 134,
134 n.

8111111331, 700 n.

811111111111, 231 n.

8111111111, 8111111, 8113111, 81131111, ’

81113111, 1291, 137, 370, 398 n,
400 n, 401, 402 n, 4151, 555, 573,
581, 640, 714, 763.

8111131111, Lez, 744, 763,

8111311111, 81113111, 8111131111, 5,
811, 666.

81111111111, 5181.

81111111, 518.

Smethyholme Wood, 765.

811111, 682.

81111111, 1141.

81111111111 (111811111111), lv n.

Sneileswelle, 3, 58 n.

811111, 8111111111, 8111111, 8111111,
xxi, xxiii, 3, 29, 118, 129 n, 223,

835

323, 327, 407, 409, 410, 410 n,
4131, 415, 4151, 417, 418, 420,
426 n, 532, 557, 572, 580, 619,
702 n, 717 n, 728.

8111111 Τ11111, lxvi, lxvii, 118 n,
324, 398 x, 4111.

—- Uver, Wer, 138, 138 n.

8111111, 8111111, Saureby, xxi, xxiii,
xxxix, lxv, lxvi, lxvii, lxviii, lxxiii,
1111111329,90,118,131,132,137,
398, 3981, 404, 4041, 429, 532.

8113116323.

8111181111, Le, 758.

8111113111 (Whitby), 3571, 723, 724.

81111111111111.

8111111111, 6951.

8111118ήά31, 811111111136329, 514,
514 n, 727.

- Vale, 428 n.

Spout 0116, 428.

- Le, 428, 428 n.

Sprynge 111111, 721.

8111116951.

8111111111 81181111119.

81111111111, 811111111111, 8111111,
8111111111, 4, 29, 57, 119, 14011,
314 n, 315, 3151, 465, 472, 473,
533.

8111111331, 107,115.

811111111111191113111, 339, 3391.

811111111113111, 81111111113111,
8111111113111, 81111111111311, 34,
149, 1491, 152, 158, 313, 363.

8111111111111, 8111111111111, 180,
180 n.

81111111111, 8111111111, 8111111111,
8111111111, 81111111111, 81111-
syker, xxviii, 3, 32, 118, 1181,
1311251180, 1801, 323, 370,
419, 420, 561, 571, 618, 725.

8111111111, 8111111111, 8111111111 (in
Cliveland), 215, 2151.

8111111111, 81111111, Staynton (11
1111611111), 3, 29, 119, 223, 363,
4701, 760.

81111111, 5031.

 

