INDEX OF PLACES.

1411111111 8. Albani, 20711, 681.

- S. 3555111111, 681.

—E Germani 115 Selebi, 20711,
681.

- S. ,1151115 Ebot„ 20711, 681.

-811111, 851111, 682, 684 11,
686, 688, 090, 691, 692, 69711,
718, 71811.

1411115101515, Τ115, 747.

Acelum, 4515111, xlvi, 11115, 216,
35711.

4515111115, Le, 425, 42011, 42911, 502.

1451535111, 429.

145151, 111740.

14111111 111115, 742.

4111155651, 143.

1431115111, 328.

1431111111, 737.

4335151115, 3.

1411111111, 14151111, 4551111, Αα15111,
14111111, 1411115111, 39411, 399, 39911,
400, 403, 404, 405, 619, 716,
71611, 71711, 743, 745, 764, 765.

141115535111151, 79.

1415111, 082.

141515515115, 714.

14151511, 682.

4115151651, 3515111135, 3511111131, 98,
9811,112,116.

Almam-close, 733.

1415111511 055115, 68511, 693.

4115111111, 4115111115, 4, 272.

14111113111111, 470, 700, 761.

‘ugrum-close, 757.

*narum-flatu 328.

1111, lxxiii 11.

1111151111, Appelby, 287.

—Forum (15, 217.

1411115155, Δ41111756, 7561, 757.

4111111135115, de (1556111115, 751

4111165151151, 108, 372.

1411111111, Arnum, 1415111111, 111151,
14311, 215, 216, 698 n.

111511, 4111111, 1415111111, Hm
(1113111 1511 111 (1115111165), 6, 8-1,
8411, 91, 201, 232, 291, 291
29211, 293, 294, 295, 320, 322.
368, 375, 620, 671, 68511, 751.

- Pam, 6, 295.

- 111 11115 de Pioketingb, 111111,
174, 359, 360, 465, 492, 573

- —- 01115111 115, 359, 360.

141115111111115, 728.

141111511511, 328.

4111115111, 1411115111. See 3151115111

Αι511111115115111, 14151111151511, 210,
210 n.

3136115 111115, 722, 732.
311151 01515, 741.
31111111, 3111115111, xxi, 111111,3,29,
118, 1185, 398, 404 11, 532, 574.

- 015151, 721, 731.
311115111-11115, 732.

1 1111511,Ι115151,136.

1 1111111111, 1551.

² 3511515111, Le, 501.
311151511511135, 732.

. 351111111351115111511129111.
35111111 81513111, 518 5.
31156515, 233.

g -- 0551511151 de, 283.

 

