, lNDEX 0881110118. ι

85151511, 8111151511, 81555511, 300,
301, 69811.

8511511515, 722, 723, 724.

855, 15371.

8511111555. 8558111155.

851555, 115, 732.

8511155134.

851155111271.

855515115570211.

85511155, 70211

Beneventum, 284

85551555, 283.

855115 close, 743.

8515511555 8515515111, 560.

85151555551, 373.

8515151155, 8515155155, 680, 681.

8515511555, 5. See 81151155.

85115511, 851115511, 8511111111, xxi,
3,118,11811.

85111151, 8511111515 55 Teos, 69811,
70011.

85111151 055115, 68611.

8515115555, 8, 424, 687.

81115515, 811155, 8111511, 3, 118,
11811.

811115515185111155151, 110, 112.

8111511, 5411.

8111511515, 81555511515, 815515-
111515, 6, 206, 20611.

8151515515, 737, 765.

8151555515, 8151551115, 50211.

81515555, 302.

8155555151, 328.

815155555,111, 112.

8151115, 81511151, 8155511, 8151111,
8151111, 34, 149,152, 156, 157,
313, 3391, 340, 363. ⁴

81555151, 81551151, 81555151, 271.

8515115155, 8515515115, 8511515115,
264, 266, 27711, 278.

85111511, 8511511), 8511115111, 851-

torp, 4, 57, 90, 9011,119,11911,
466, 472, 628.
851155, 707, 70711, 70811.
Romule-nesto, 745, 764
85151515, 85151515, 271.

vol. 11.

821

1,1

85111551, 85115515,133,435, 439, 571.

-- Litel, 133, 134.
85111551 15551515 Manliano-parke,

“ Le, 730.

8511555515, 319. 1

8555515115, 520.

85555115, 737.

8515155, 70211.

8155551151, 8151555511, 133, 13311.

815555111, 815115 111115, 101, 112,
758.

8155115155, 8155115155, 8155155155,

’ 8155155155, 81551555155, 95, 98,

55155, 1011011531, 111111, Ι

116.

815515515515155, 110.

811551, 8115515, 8155551, 222,
22211, 451.

-15155, 448, 44811.

81555511155111111, 1111.

81555151, 271.

81555511. See 85151111.

8155151, 115, 574.

8151155-15515 01515, 732.

8155151551 1815151515) Μ551, 694.

8155551 (1111, 22211.

-Η511115, 22211.

815555, 8155515, 815555, 8155515,
815115, xxi, xxiii, xxxix, 3, 29,
118,.223, 398, 532.

81551515515, 8115151155, convent.
55, 4, 12711, 14011, 16511, 217,
219, 311, 51811, 585, 70211, 756Ι

—xlm

81551151155, 340.

8555515555, 33811.

8111115511, 42811.

8111151170211.

Briningoslona, 815555155, 8115111155,
8115151555,851515155, 11111111, 1,
lxii, lxiin, lxiv, lxxvi, lxxxiv,
lxxxivn, 358, 453, 490, 51811,
528, 530, 531, 573, 717, 71711,
752.

8155515151, 81555551, 8155151151,
8155155551, 8151511515, 815151,

25

 

