INDEX 08 Ρ511088.

Ι super Derwent, 45, 46, 121, 161,

, 164, 165, 217, 219, 220.

8551551555 Ripon, 495,496, 528, 529.

- Samara, 8515515, 4, 48, 164,
165, 178, 241, 242, 249, 250, 251,
252, 253, 255, 256, 485, 48551,
486, 487-493, 511, 566, 575, 583,
606, 625, 628, 653, 656, 664, 688,
690, 692, 755.

- 8. 85555515, 207 n.

- 855131535558511315555, 85551·
3153555, 8131355555, 8511355551,
8511555555, 47, 168, 241, 242, 302,
309, 310, 378, 474, 481, 569, 575,
628, 664, 756.

- 815535551, 811533553, 81553553,
8511535551, 81535151, 47, 81, 82,
161, 242, 470, 481, 569, 585, 625,
628, 664, 666, 756.

-8151511155 (15 6113515511), 215.

- 815155153, 232.

—- 851155 super 11513551, 481,
482, 483, 569, 664, 692 n.

-- 1751153, 1711553 (S. 515115),
3, 57, 121, 163, 164, 165, 241,
242, 243, 244, 245, 246, 500,

566, 576, 583, 610, 628, 656,
664

-- - (S. Petri), 28.

-- - 11555515115115, 331.

- -- 1731155153, 625.

853511153, 695.

8315555315, 366 n.

83155, 645.

81135, 695 n.

8155151555, 8155151555, 8111531555,
81115155, 5155151555, 3, 119, 223,
363, 532.

8111555135, 178.

8115151511, 815151511815351511815311-
51511, 8515151511, 34, 149, 152,
156, 158, 313, 339, 3395, 363.

8115111515, 428.

8115131115, 8115133115, 264, 266, 278.

81151153, 8135111553, 8115153, 88,
88 5, 386 n, 891 n.

825

81355555155155, 1115.
851515355551. See 151515355551.
8535151, 8531553, 6, 79,181, 322,ζ620.
- 85153115, lxvi 5.

813551, Η513515, 831551, xxviii, 3,
29, 32, 119, 223, 532.

81555555, 301 n.

8555, 851, 85115, 34, 34 n, 150, 153,
156, 158, 313, 338 n, 339, 364,
395 n, 403, 676, 714.

8555511515, 855555585851511518515·
dala, 8515115115, 3, 22, 22 n, 23,
24, 25, 322, 390, 407, 408, 572,
574, 581, 602, 640, 676, 764.

8555111151, 329.

8515315511, 8551155, 519, 519 n.

85111515 85115, 743, 762.

8511511515-51115, 555, 572, 581, 743,
745, 762, 763, 765.

8551511515 8315, 739.

8151815111, 15, 758.

8513511, 695 n.

85335115 15 (15551, 681.

8535335111, 245.

8351151, 83511515,83511535,83511535,
8351153, 8315151, xxvi, xxviii,
xxxix, lviii, 111, lxi, lxiii, 111315,
11111513, 3, 29, 32, 119, 129 n, 209,
209 5, 210, 223,4155; 4535, 454,
454 n, 455, 456, 457, 532, 570,
579, 751.

83555551, 853555515,11311,11111111, xl,
l, 5, 76.

83355515, 404 n.

81355 851515, 115, 746.

85555553, 8511555553, 5, 459.
85115513 (15115, 720.

8515515105, 222.

85315 115115, 743, 762.

- 115115 155, 744, 762.

8555335, Le, 603.

8511151135, 85115113. See Alfelebricd.
8511153155, 183 n.

85115513 015555, 735.

. 8515115531, 8511515551, 4165141711.

 

