INDEX 01* PLACES.

11616611611616611, 7, 98, 109, 1116,
112, 116, 2926, 759.

’ 1166111166, 11661616, 11666166, 216,
263, 678.

1161666166, 148 6.

11611616, 5026

116166, 234.

- Conventus de, 283, 284, 332,
708.

1161666, 681.

11611666, 3956.

Μ616, 116166, 1161616116 11161666),
6, 87.

Μ6166 1116616, 7.

Mente House, Le, 760.

Μ1611611166 66 Netherwendinge, 134.

11161116 Howe, 838 6.

Μ16111616, Mikilby, 754.

111116166616Η6116, 741.

Midelesburgh, Μ11161666616,116(1116·
burgh, 11ίά6165611, Midleebnrg,
111116666161, 1116166161οά, Milde·
burg, xliv, xlv, 11116, lxm, 7,
95, 98, 101, 102, 107,114,119,
146, 216, 870, 871, 601, 604, 670,
671, 767, 758, 760.

- Crux (16, 102.

Μ11616666, 11161166666, 4, 82, 139.

- (16 Η61111616 1166), 891 6.

Μ116161611641611, 564, 787, 740.

1111616666, Middelw00d0, 819, 822,
440, 441 n, 442, 571, 579, 715,
716, 721.

Μ16661166, 114 6, 525, 626 6.

1111116666 (Pikering 166116), 5136.

Mildebi, 682.

1111661661116, 111 6.

1111616666, Μ616116666, 715.

Μ1111-, Μ11611 1111, 1111116, 1161116
1616, 356, 219, 838 6, 389.

116166116616, Agge 111166, 3.

-— de 11616116, 11661116, 400.

- de 14666, 375.

—- de 01666616161666661611, 270.

-de 11636116, 1466361116, 6, 53,
54, 55, 297, 298.

831

Molendinum de 11611666, 8, 787.
- fullonicam (866666), 572, 581.
-116116611666666 3, 747; 747.
- 11666116 Μ11116, 3.

- 1166111116, 785.

- Novum, 8, 681.

—de 1166611616, 283.

- 16 1116661616, 8, 398, 420, 572,
581.

— de 8661666661, 173, 177.

Μ66666611616 de Bridlington, 688.

— 1166116161, 679, 680.

- Ebot, 679, 680.

-- S. Agathae, 329.

- S. Pancratii, 207 6, 681.

-—- de Whiteby, 679, 680, 687,
688, 6986, 709, 719, 720, 762,
116616166661 (Μ666666666616), xxxiii,

111 6, 679, 679 6

1166116 01666, 780.

- Yng, 728.

Moorgnte 1666, 721, 727.

1166166111, xxiii, 866 6.

More-close (17661167), 751.

1161661161, 106.

Μ666-61666, 754.

1166611616, 35 6.

Μ6161666Η616116666, 420 6.

- Park, 395 6.

Mulgref, Mulegrif, Mulegrive‚ 3,
161311, 525, 52571, 616, 561, '⁸
589, 590, 592, 594, 595.

Μ6131616,(16661661 de, 399.

1161616661, 691.

1166116 Β16666116, 626.

Μ66116666 (Nun 1161111666), 357 6. ’

Μ6116166111666, 329.

1161666616, 744, 768.

116166, 744, 763.

Μ61116 11616, 750.

1166666, 695 6.

1161616666, Naffertona, 1161166666,
1661616666 3, 29, 57, 119, 223,
863, 713, 713 6.

Netherwendinge, 11161616666 66, 134.

 

