INDEX OF PLACES.

0110030180, 681. ι

010000-10100000100-1010100, 00100-
1011000, 726. ,

- (110100), 748.

-(Ηο10008-8010), 750.

0100500, 682.

0100013050, 722.

01008010, 010ηο8011, 000 Ηο08010,
292, 2920, 293, 315.

01000810, 010008105, 01008105,
01000815, 0100081110, 34, 149,
152, 156, 157, 313, 3390, 340, 363.

(11000113, 00111011, 187, 187 0, 198.

01000001, 178.

0100501010, 881.

(1105050008, 010501018, 0105001018,
(1105503501080, (1110501018, 010·
5500500015, 010005080, 34, 149,
152, 158, 1560, 158, 313, 339,
3390, 363.

0105100800, 0105100110, 142.

011ρο (1 if 005 00100), 180, 180 0.

(1100100178.

(11000005 050105, 338 0.

01000005, 01008101οο5, 01000005,
677.

00310505, 233.

0005010035, 374 n, 6970.

000103050, 90.

omum, Girva, Girvum, xxxiii,
1110680.

Ηο05000000, 1100511000, Ηο0110000,
Ηο0110000, Ηο0110000, Ηο10000,
Ηο11000000, 11010000, 110110οο0,
xxvi, xxviii, xxxviii, 1111110, 1,
lviii, 1011111110, lxii, 10110, lxiii,
lxiv, lxiv 0, lxv, lxvi, lxxiv, 11011,
lxxv 0100111, lxxxvi, 2, 3, 4, 29,
32, 65, 118, 119, 148, 156, 223,
318, 319, 322, 365, 367, 3670,
368, 369, 429, 442, 443, 4430, =
mmffimfflfflffl'
464, 496, 528, 530, 531, 555, 559,
560, 561, 562, 570, 578, 607, 616,
668, 746,

1100110000 Ηο11, 4430.

Ηο85001,660.

Ηο0551015,1111.

1103110350721.

Ηο300501800010, Ηο0501800010 Ec-
010010, 226, 227.

Ηο15010, Hnyburn, 218, 2180.

Ηο11010003050, 20.

Haliday-landis, 728.

Ηο111ιο1118010, 377.

Ηο11110180110108, 377.

11011011018, 0310501857, 745, 764.

110110-301550, 729.

Ηο1010113, 1105000330, 184, 1840,
410.

1101001500, 6990.

Ηο10000050, 681.

1100000010, 207 0, 681.

11008010, Conventus 80, 292, 292 0,
293, 3870, 690, 697 0.

Ηο108010, 11018010, 1111108010, Fons
80, 221, 449, 451.

Ηο10801050008, 1101080110180, Ηο1-
80105080, 221, 224, 3390, 340,
451.

flammasin, 373.

Ηο180105011, 449.

Ηο10008-8010, Ηο11108-8010, 2180,
560, 561, 570, 579, 749, 750.

—-- 0100030, 749.

Ηο100088010-5008, 3390.

110010111330 110000, 738.

1100055001, 577 0.

Ηο005003018, Ηο0110030155, Ηο0500-
30111, Ηο011003015, Ηο111030155,
Ηο0110030155,1100100301,Ηο01100·
30155, Ηο1101101, 3, 29, 118, 1180,
132, 133, 1330, 139, 208,
2080, 323, 363, 428, 430, 431,
432, 433, 434, 4380, 498, 499,
524, 561, 571, 618, 715, 726,
730.

1101011018, 340, 714.

- Βο550100, 435 0.

Ηο001101 050001, 430 0.

Ηο1101101 11011, 430 0.

 

