INDEX 011 PLACES. 823

055156, 05156, 152, 153. r Oringeltheit, eringeliwerth, 221,

221 n.

0553510655, 52 5.

0555655555, 1405.

0556656, 695 n.

0155515556, 6955.

chester, 1185.

0515515551, lxxii 5, lxxiii 5.

— 54115 lxxiiii, lxxiii n.

055555 Hillo, 733.

56656 street (516555), 7515.

0155551, 682.

0155555363, 659, 692.

015551566, (11111566, xxiii, 609.

cliff, Le (665551, 555, 735.

(liiii-close, 732.

015635556, 5185.

065651515565, 681.

0551555111-355555, 746.

05515 Mill, 4105, 571, 730.

056155515605665551665, 3. 515515
(65 051553), 409.

-- S. Petri (65 0151559), 409.

051555155, 0505555155, 520, 737.

05153555555, 763.

0511551, 0511553, 96.

0565356565, 6955.

0566355 Η565, 720.

05636355556, 0563635555556, 264,
265, 267, 276, 277, 278, 279.

0533555165555053351551655555,053
1551655555, eoppekeldbroeh, eop-
5551655555, 05555165555, 05515516-
55515, 0536135555, 34, 345, 149,
152156, 1565,158,3395, 340, 363.

05565555655, 492.

05553555555, 744.

Cotum, 601 n.

05556556, xxviii, 3, 29, 32, 119,
223, 363, 532. ’

05553555 315515, 218 5

05533556, 405.

0556551115, 492.

055555565, 300 n, 697 n, 698 π, 099 n,
7005, 701 n, 7025, 705 n.

Orawley‚ 695 n.

05163515, 222 n.

Orofte-ynges, 733.

05555 Batti, 1185, 398 n.

05555551 Ravennati, 6, 35, 36, 269,
270, 271, 273, 274, 320, 322, 336,
760.

055555536515, 055555516515, 97, 101,
104, 112, 116, 371, 373.

· 0555553555, 722.

05555555165115, 428.
05566555, 418.
0666515, 681.

0511655555, 134.

0515555, 436.

05151, lxxiii 5.

0515, 301 n.

05155, 3, 221, 224, 368, 448, 450,
451, 570, 579, 748.

- Ηὶ35, 448 n.

-Low, 4486,

051556, Percy, 685 n, 686 5.

05655, 1115, 183 5, 338 5.

- 055515, 401 n, 402 n.

05556551 (555 5656551), 3, 29119,
1195, 223, 363.

05356515, 1405, 2925315491, 653.

- (055163555535), 373.

053515561485.

0531555135, 697 n, 700 n.

05555565, 05555655, 0555555655,
0555655655, 34, 345, 149, 152,
153, 156, 158, 313, 339, 340,
363, 452, 494, 495, 714.

- (16195556551566), 271329, 467.

05555566, 303.

05655155 556 01655155, 180, 1806.

01635511, xxi.

Dobben'ste 01555, 734.

05555515, 561.

Drye Η565, 750.

0565665565, Dulieildehalc, Dun-

5516355151, 06656655155, 187,
137 n, 199, 1995.
06655153, 06655155, 06655155, Duu-

 

