826

11111115 115ῑί115 ming, 8111111
rixelinga, Fyling, rylingdala,
811113, 81111151, 111, xxiii, 11111,
3, 29, 33, 5111,52,118,126,1291,
145, 223, 2365, 363, 438, 440,
442, 520, 555, 566, 570, 570, 603,
605, 617, 737.

-- N ord, 8511, North, 8516511131,
xxxix, 11, 127, 128, 135, 159,
190, 192, 318, 319, 322, 429, 439,
440, 475, 477, 532, 560, 562, 571,
574, 579, 608.

- 8111, 811, 81111, 85511, 49, 51,
5211, 122, 1221, 139, 190, 363,
369, 429, 532, 570, 579.

81551513115, 81151531118111513115,
811513515, 8155113515, 21115151-
31151, 5, 63, 119, 1191, 182, 233,
2361, 331, 333, 713.

8151 85111155, 744, 763.

8115151, 81151511, 8115151, 4, 311,
340, 500, 714.

81511515131, 8151511113, 8151155-
burg, 81511551113, xliv, 1111,
111111111111, 11111128, 51, 51115211

8151151105, 11111.

Flore, 815153515, Florum, 8151111,
8151513515, 111, xxiii, 11111, 3,
14, 18, 20, 21, 29, 118, 1181,
398 n, 532, 721, 723.

815153515 Crux, 733.

8151111111, 127 n.

8511155151, 69511,

8515 81. Η111115, 34, 150, 364, 403.

Fontes, 8511115115 111151, 686, 690,
692.

85151151, 85111515, 85111115, 1401,
141, 141 n, 536, 754.

85135 Valley, 339 n.

85115135, 575.

8511151151, 85111151, 111, 112.

8511151511, lxxiii 1.

8555515111, 720.

855151 Η51155, 851515115155, 33811,
330, 330 n.

8511151115, 740.

mDEx 08 PLAcsss.

85115155, 8515151, 466, 628.
8111115115, 702 n.
8115111311Ηῆ1, xxiii
81111511, 682
8111511, 70011.
81115111 Home, 746.
81111515, 51711.
811113 Βο11511, 739, 740.

, - 01511135, 737.
- 8111515 de, 322.
- Rure, 739.
- 815115, 441 n, 740.
8111305155, 415 n.
8111135151115, 737, 739.
81115, 81115, 811115, 601, 601 n.

0535531115, 0135531115, 01553118,
0555531115, 264, 266, 2771278.

0111115115, xliv.
0111111 Laudes, 0511111055, 412,

728.

0115155110, 05115111511, 271.

05115111, 05111111, Thouthorp 511,
191,197.

051151515,119, ⁴

05115113, 370.

05111511. See 01515113.

0111115, 0111, 011115, 01111, 111,

1111111111, 3, 118, 11811, 223, 532.

0111551515, 0111151111, 443, 443 5,
Gildo 115155, Le, 746.

01111115-1151, 371, 373,

0111111515ὶῇ5, 87, 88.

01111. 1155111511.

0155111115, 0115111115, 01511115,
1111, 951,1821,1831,215,29111,
5191, 6031, 692, 69711, 6981,
756, 757.

0151511115, 2911, 401 a.

0155151111, 675.

0511515111, 0551115111, 0511515111,
05151115, 85, 851, 714.

05011153515, 520.

1 0535515111, 264, 277 n.
f 0151511115, 721, 723.

 

