INDEX 010* PLACES.

116161611, 76.
Η611ο6 Rudby, 358 n.
Hyngandhengeu, 572.

1116166, Ibume, men, Yburn,
Ybumo, Ebome, 22, 23, 24, 25,
27, 210, 390, 407, 408, 744.

1616161661, 2,

1661636616116116163611661, xxviii,
3, 29, 32, 119, 223, 363, 47011,
532, 75611.

Ingaldrakesiven, Ingaldraksives,
33911, 340.

lngelby. 366 Engelby.

Inger 01666, 740.

163611611661, lv 11.

1616116, 16, 1161111616 Side, 744, 745,
762, 763.

- Harwood-dale, 749, 750.

- 1661611116, 741.

1616166161, 337.

1116611, Ηί1166, 1116611, 1111166,
11111666, 136, 1366, 139, 142,
189, 465, 491, 492, 754.

1616111161, 1116116111, 1116661616, Hiulc-
11661, Υ11611166, 3, 58, 58 6, 532.

1661616116, 727.
3611611. 3160111661.
Jarum, 671.

36116 Η6616, 746.

1161166. Soe Cayton.

1161111611, 14811. ¹

1161161116116, 312.

Katedykes, Katedykyu, 323, 324,
41011.

1111166111, 1161661116, 1161166161,
(161616161846,323,324,410,41016

11616166, 511.

11616, 5.

Κ6166·116(1,116116·116(16, 727, 727 u.

Keldelith, 1161116Ιί166, 264, 266, 278.

11611616, 7026.

Κ611616616, 747.

829

11611, 16, 398, 404 n, 428,

11666666, 11911166, 3, 21821811, 210,
51811, 570, 579.

116161611166111, 113.

1161116, nen-Reme, 1116.

Kilburn, 70511.

1111111116, 111, 33 n, 696, 6986, 70011,
70111, 70211, 70311, 7046, 7056,
70611.

1111666161, 70011.

1111166 Book, 187 n.

-Τ116166, 39111.

Kilverdbi, Kilverdebi, Kilvertby,
Kylvardby, 4, 193, 196, 491, 653.

1166616616, 760.

Κ11116166,1111116166, 1161616611, Kir-
666116, 1111111111, 1111111611, 34, 3511,
149, 152, 15615611, 158, 33911,
340, 363. “

1161163116 (16663166166), 373.

1111113116, Kirkgait (16 whitby)‚
15, 16, 22, 35711.

&rh-lande, 746, 764.

11111116616661, 502 n.

111111161163166,6846, 68511, 08611,
689, 691, 704 n.

1111116661, Kirkmoorgate, 52 n,

Knokkyng‚ 69511.

1166116111, 51311

1166611666166, 0661116111, 3.

11616361161161, 329.

Kyrkeby Myuperton, 247.

Lackenby, Lnkenby, 391 n, 392 n.
161166661696, 111, 11111, 112.
1661116116, 702 n.

Laghescogh’, Laghncogh, 1661616611,
1611116611, 390, 39011, 398, 404,
404 n, 405, 428, 428 n.

Lambe-[eldes, 737.

Laudo-house Field, 745, 764.

1661161616, 682.

1663116616, 11661616, Langdale Keld,
161, 664, 451.

ngdale, Langedale(Westmorland),
271.

 

