1111)οΧ OF PBBSONS.

1181111188, 300.

1181183181818, 11111, 760.

1188881188, Hugo (18, 248.

1181801, Andr. (18, 273.

1181188188, 730.

Neapoli, Β8818881Ι (18, 280.

- 1181111118 (18, 284.

1181188. See 11881188.

1181888, 011818, 722.

- Joh., 722.

11881811, 1188181111, 011818, 613.

- wilk, 330.

1188011383, J oh. (18, 440.

118811818118811881, 11811181 (18, 2028.

- 081108, 301, 444.

- Ρ811. (18, 21, 203.

- 1118 (18, 94, 2028.

- 1111108, lxi, 1798, 208, 304,
364 8.

11881188, 1181188, Adam (18, 120 8.

- 0118 (18, 00.

1188118818, Hugo de, 220.

118881181811111, 600.

1188111888, 1188188, 11881888, 11811-
188, 018810. (18, 468.

- 018381. (18, 88, 386, 386 8.

- 0818 (18, 437, 444, 440.

- 1188111 (18, 297.

- 11811. (18, 132, 134, 386.

11811118, 11811118, Agnes (18, 4948,
6848.

-—- 11881888 (18, 3918, 393, 400.

- 08111111. (18, 034.

-- Hugo (18, 108, 034, 600, 714,
710.

-0811, (18, 418, 4188, 7178.

-1811 de, (1811801, 6868.

- 11811. (18, 808, 2338, 2908,
418 8, 037.

- 1188811. (18, 3918.

- 1118. (18, 120 8.

- Rob. (18, 392 8, 408 8

—- Rog. (18, 90.

- Simon (18, 620.

—- Tho. (18, 391, 3918.

709

11811118, Tho, (18, 690.

, 11811818, 11811811, 11188. (18, 623.

-1818 (0108181. 0181111188. 018181)
(18, 231, 232, 438, 4748

—- —- 474, 470, 010 8, 011.

1181188888,11111 (18, 004.

11811188 1188118111, 1113811. (18, 002.

11811888118118188, (188, 723, 727,
733, 740, 763.

- Tho„ 722, 732.

1118118181 08888181, 11188 01, 220.

111181111180. 01, 712.

- 1118. 01,, 190.

- Will. 01, 111118.

Nigellus, 128.

Nobilis, 1181, 1418.

118888, 442.

11818181181818, 118188, 11811818, 1181·
188818, 118111, Η881. 1181811101,
306.

- 11181881, 03, 918, 308.

- 11181881 01 11111, 300, 307,
307 8, 308.

- Will. 18, 168, 2628, 302, 300,

1181181113 081888, 118181.,009.

,³ 1181818801,118181888801,Η881.,477.
1-1118011818118084408.

— Rog. de, 47.

- Steph. (18, 371,

- Thomas (18, 039.

1181818881, Adam 01, 31.

- 00801, 171.

Norfflhampton, Rogatus, Clericus
08811118 J ohannis (18, 47.

11811111)’,11111(18, 309.

1181188, 1118, 474.

1181811118 118881, 1181 (18, 73111,
175, 182, 200.

- 11111 (18, 30 8.

118808, 11111, 300, 300 8.

1188118188, Will. 01. 1181). (18, 361.

118111. 888 N 81818.

08118188, 081888, 0118188, 11111 (18,

1 1, 188.

 

