INDEX OF PERSONS.

3111111111, 1711101110, 1710110101 00, 21.

3111111, 7 011, 704 vu

31101, Burei, 110111011, 124 n, 474.

31110, Bardo, 311011, 301110, Barth,
7011111101, 27, 365, 432, 464.

- (101111011, 194.

- 3011, 507.

- 3030111, 176.

— Will., 650.

- 1711111177111. 00 01301111, 477.

3111001111, 1411110111 00, 191.

Barduli, 3111001113101111111, 87, 131,
13111.

—- — fil. Η13, 459.

- 1711110111 filius willelmi, 5.

—- 7701011111, 5.

Bardwik, 7011, 721.

3111011110, Ric. de, 668.

3111101, Hem.. 728.

- 7011011111, 723, 724.

-- Rob., 732. ¹

— Τ110, 732, 733.

- Will., 564, 565.

3111110011οῳ, 7701101111 fil. Honberni
00, 306, 308.

3011011011, 7711101111100, 30811.

311111,Αο011, 182.

3111110111, Barneby, 3011011111 00, 21,
88, 114, 115.

1111110111). fil. Α111110100, 713.

3111, 311001111100, 55.

30110110, 7011. 00, 433, 434.

-- 77111011111 00, 124, 474.

3111111, 31011011, 167, 305.

3110011, (1111),, 534.

- Petu, 708 n.

— 31111, 535.

3111, 31001011, 228, 229, 230, 231.

311010, 7011, 741.

30111011, 7011, 507.

300110, christ„ 741.

3011110133011. (01101101), 695.

3001111111, 7 011, 739.

3000101111, 1711101111100, 47.

300011, Μ1111101, 561, 562.

3000, xiii, 677, 679.

7011. 11.

773

3001131111, 3001131111οω, 1101)οι111
00, 68, 132, 201, 299, 299 n.

30011131003011, 614; 723.

3011010110, 11011. , 419.

- 303. fil. 303, 419.

30111111,3001010., 726,731,730,743,
753, 757, 761.

- 17111, 610.

3011101110, 8101111, 419, 430, 431.

30110 Monte, Henr. 00, 537.

30111113, 000011101100, 59.

3011011, 7011, 468.

30100, 41101011611111, 50.

3010, Will., 560.

Benedicti, 3011011111 filius, 146.

3010111111, 3011101, soli, 422.

-— 3030111, 6211.

Berewie, 11111110 de, 109.

30130111, 3013110111, 1110111110, 109,
115.

301311, Alex. 110, 650.

3011101ογ, 1111111101 filia Joh.‚ 69511.

30111110, 310, 754.

3011110111, 3011000111, J 0111111101 111.
willelmi 00, 29111.

301111311111, Thomas 00, 00771111οὶ11,
18.

301110, 3100101100, 270.

3011111, Alanus 00, 274.

- 7011111101 00, 270.

3011113, Beayng, 304.

- 301νί1111 fil„ 171, 172.

- walterus 111101, 304.

3011113113, 1101311111 00, 47.

301111100111111, 722.

- 7 011, 750.

- Bia„ 748, 749.

- 171111, 749.

30111111, J 011, 739.

301011οἰ11 31001011 11110177130100,

—- Symon Praepos„ 714.

— 77130100, 86.

31301, 10 31300, Η130, 533, 535.

-- 303. 535.

2 D

 

