836

81115551, 8111555551, 8115115551,
811151, 8151551, 11111, xxxviii,
xxxix, lviii, 3, 29, 32, 118, 223,
318, 319, 322, 323, 39311, 394,
39411, 398, 403, 404, 40411, 425,
427, 429, 532, 555, 572, 573, 580,
586, 587, 589, 590, 591, 592, 519,
721, 731, 733.

- 3510, 573

- 1115531105, 404

81155055, 69511.

811115551515, 340.

8111555355, 96.

811151510 (81151151011111035, 695.

8111551053115,8151551053115, 449.

811115, 10 pedem 0511, 721.

815153115, 815553115 (Ebot), 6, 208.

8155511110 11100153, 561.

815115 01555, 115, 747.

8151515111, 47011.

8115500551, 8115150551, 8111550·
551, 8111050551, 79, 7911, 193,
196.

8155555, 302. 303.

8155555111, 8155515, 81515051, 11111,
232, 23311, 243, 671.

8155151135, 340.

8150555515, 36611.

81515 05151, 69511.

815511, 8155115, 8151115, 815515, 3,
29, 368, 429, 477, 562, 563, 571,
579, 618. 737, 738.

- 815115, 721.

81511115 eluse, 721, 737.

-— 115555, 738.

8551555505, 8115555505, 81155555-
505, 8155551055, 8115555005,
111,11111111,11111,11,1111,111111,
1. 187, 675, 676, 679, 680, 70911.

§nich-hill. 81115115-5111, 410, 41011.

85155510. 340,

8151510515, 851511551555, 721.

81551551101355, 187.

8501510. 8501511, 858510, 8581510.
85151510. 8515050. 8551511510.
1111111111. 11. 111 3. 29. 32, 34,

INDEX 011 PLAGES.

3411, 6411, 119, 11911, 149, 152,
156, 158, 188, 218, 223, 313, 339,
363, 368, 452, 453, 532, 562, 570,
579, 750, 751.
8503115 35515, 749.
8515510 10551, 33911.
855505055185515151150551851551·
151151, 85155151, 111111, 3, 29, 32,
119, 223, 363, 532, 53211, 760.
8550511150, 598.
855555133153, 855555131535,
85555513155, 264, 256, 278.
851155, 055551 851155, 8511555355-
0515551, 5, 45, 4611, 47, 161,45311,
707, 70711, 70811.
8511555505, 302.
8505555505, 737.
8551555505011, 97.
85015555155151, 85111515555151,
85111555551511, 8155515155115,
156, 15611, 158, 318, 39511, 403
Ι 85111555-151, 371, 373.
’ 8515551155535,85155115515115,8515-
¹ 51155135, 8515155155, 81115111·
¹ 55555,8515551155135,85155511·
55135, 34, 149, 152, 156, 157, 313,
33911, 363

Το15515. See Τ111115515.
Τ151155, Τ15151511, 1111111511, Taum.
232, 29111, 70411.
Τ511511115 611155, 735.
’1501535151 695 11.
Ι 1555155015551, 155515501155.
j Theivoediehes. 151515511155.
’1551101155 34. 3411. 35..145.
152156, 158, 339, 3391.
Τ5555005. 35511.
Τ51535111Τ153511111,1111.3,118.
11811.
’15105551 1151 1511. 747.
’15115551511515515115155 5110.
571, 579. 618.
Think. 70511.
nole-stum ’1555151155 Togiesttrae.
15151155, Tenem [1551113.

 

