INDEX OF PLACFS.

1313113, 111, 11111, 4, 77, 80, 1130313113, 377.
02, 512, 532. Τ131311111310, 340.
133, 1011111133, 13111133 34, Ἰ11131111331Η313, 02611.
133133 133, 1311313331 11311333.
131-,Τ3111331ιο331,314,39511, 1111133114.

Τ11133011333, 714. -
'Cotem 749. 11003, 110031, 111031, 211033, 264,
1101, 2031113113ογ, 1031111311- 266, 267 n, 278.
951 07711, 700 n. Τ111310313, 21113031, 13110313, 314,
kald. Thorenkeld, 134, 134 n. 339, 339 n, 494.
ffi, Thomhy, 1031111313
1131,Το311131313,’111313111313,
1013, 1311331313, 1311131313, 0331031301,113130311101,11313031113-
1131, 311111, 133, 29, 32, 34, 01, 0333103103ογ, 1133130311ογ,
149, 1493102106, 223, 313, 1131311101, 1131103111ογ, Hugel·
1340, 363, 018, 51811 l budeby, Vgelbudby‚ 03331031-
133, 71611. = 333011311111113133, 22, 24, 25,
111Ρί31311113, 213, 236, 754. 28, 29, 93, 118, 12911, 209, 223,
11707. 41011, 426, 032, 03211, 072, 080,
mo, 738. 743, 740, 764, 760.
111, 736. 1131οο133, 292 n.
n, 13311311, 31, 131, 133. 11133111311331113331.
Μ13ω11ω13113, 1111111133113.
83230, 231. 11101131311131, 328.
311 lm· 00113, 6, 204, 205, 1111331133, 732.

11111111. 0111131 11111111,
-1011031111131331,242 prlium‚ Huplium‚ Uplithum,
10113, 44111, 743. 0333118131, 0313310331, xxviii,
my), 228, 229. 3, 7, 29, 32, 49, 07, 6011, 67, 68,
η (1101100013),6,207, 233, : 87, 119, 12217711, 178, 363, 379,
. 3111331133.
[mma. ⁴ 113131, 6981370011, 70611.
Quo. ³ 1113113333133113111,
111 1111313113, 1111311, 390, ἱ 11333313, 1133113333, 01333313, 3, 6,

ι 943, 11311011, 182.

m ² 1113101313111131, 11113
ὥ, 722. 1113111311ᾶὶ3, 11111
’12011αο1, 87, 100, 370.

vaccaria 113 Β11133113, 0, 510,

019.

-- — Haibume, 5.

— —— 11333033, 5, 018.
ῂῖωωτρ, 1311313131, Thou· — — 113163133οο330, 557.
3131,1311,131.1133,133, 1 --3333333
m, 002. ' — — 1031111313, 0.
H· 211

 

